Traceback (most recent call last):
  File "./main.py", line 104, in <module>
    Manager.update(key, win)
  File "/Users/ghazette/.brew/Cellar/python/3.7.1/Frameworks/Python.framework/Versions/3.7/lib/python3.7/curses/__init__.py", line 94, in wrapper
    return func(stdscr, *args, **kwds)
  File "./main.py", line 50, in main
    stdscr.getch()
KeyboardInterrupt
), (12, 28), (12, 27)]
[(14, 30), (13, 30), (12, 30), (12, 29), (12, 28)]
[(13, 30), (12, 30), (12, 29)]
[(12, 30)]
[(17, 39), (16, 39), (15, 39), (14, 39)]
[(16, 39), (15, 39)]
[(56, 61), (55, 61), (55, 60), (55, 59), (55, 58), (55, 57)]
[(55, 61), (55, 60), (55, 59), (55, 58)]
[(54, 62), (55, 62), (55, 61), (55, 60), (55, 59), (55, 58)]
[(55, 60), (55, 59)]
[(55, 62), (55, 61), (55, 60), (55, 59)]
[(55, 59), (55, 58)]
[(55, 61), (55, 60), (55, 59), (55, 58)]
[(55, 58), (55, 57)]
[(55, 60), (55, 59), (55, 58), (55, 57)]
[(55, 57), (55, 56)]
[(55, 59), (55, 58), (55, 57), (55, 56)]
[(55, 56), (55, 55)]
[(55, 58), (55, 57), (55, 56), (55, 55)]
[(55, 55), (55, 54)]
[(55, 57), (55, 56), (55, 55), (55, 54)]
[(55, 54), (55, 53)]
[(55, 56), (55, 55), (55, 54), (55, 53)]
[(55, 53), (55, 52)]
[(55, 55), (55, 54), (55, 53), (55, 52)]
[(55, 52), (55, 51)]
[(55, 54), (55, 53), (55, 52), (55, 51)]
[(55, 51), (55, 50)]
[(55, 53), (55, 52), (55, 51), (55, 50)]
[(55, 50), (55, 49)]
[(55, 52), (55, 51), (55, 50), (55, 49)]
[(55, 49), (55, 48)]
[(55, 51), (55, 50), (55, 49), (55, 48)]
[(55, 48), (55, 47)]
[(55, 50), (55, 49), (55, 48), (55, 47)]
[(55, 47), (55, 46)]
[(55, 49), (55, 48), (55, 47), (55, 46)]
[(55, 46), (55, 45)]
[(55, 48), (55, 47), (55, 46), (55, 45)]
[(55, 45), (55, 44)]
[(55, 47), (55, 46), (55, 45), (55, 44)]
[(55, 44), (55, 43)]
[(55, 46), (55, 45), (55, 44), (55, 43)]
[(55, 43), (55, 42)]
[(55, 45), (55, 44), (55, 43), (55, 42)]
[(54, 43), (54, 42)]
[(54, 45), (54, 44), (54, 43), (54, 42)]
[(54, 43), (53, 43), (53, 42)]
[(54, 45), (53, 45), (53, 44), (53, 43), (53, 42)]
[(54, 43), (53, 43), (52, 43), (52, 42)]
[(54, 45), (53, 45), (52, 45), (52, 44), (52, 43), (52, 42)]
[(54, 43), (53, 43), (52, 43), (51, 43), (51, 42)]
[(54, 45), (53, 45), (52, 45), (51, 45), (51, 44), (51, 43), (51, 42)]
[(54, 43), (53, 43), (52, 43), (51, 43), (50, 43), (50, 42)]
[(54, 45), (53, 45), (52, 45), (51, 45), (50, 45), (50, 44), (50, 43), (50, 42)]
[(54, 43), (53, 43), (52, 43), (51, 43), (50, 43), (50, 42)]
[(54, 45), (53, 45), (52, 45), (51, 45), (50, 45), (50, 44), (50, 43), (50, 42)]
[(54, 43), (53, 43), (52, 43), (51, 43), (51, 42)]
[(54, 45), (53, 45), (52, 45), (51, 45), (51, 44), (51, 43), (51, 42)]
[(54, 43), (53, 43), (52, 43), (52, 42)]
[(54, 45), (53, 45), (52, 45), (52, 44), (52, 43), (52, 42)]
[(54, 43), (53, 43), (53, 42)]
[(54, 45), (53, 45), (53, 44), (53, 43), (53, 42)]
[(54, 43), (54, 42)]
[(54, 45), (54, 44), (54, 43), (54, 42)]
[(55, 42)]
[(55, 44), (55, 43), (55, 42)]
[(54, 42)]
[(54, 44), (54, 43), (54, 42)]
[(54, 42), (53, 42)]
[(54, 44), (53, 44), (53, 43), (53, 42)]
[(54, 42), (53, 42), (52, 42)]
[(54, 44), (53, 44), (52, 44), (52, 43), (52, 42)]
[(54, 42), (53, 42)]
[(54, 44), (53, 44), (53, 43), (53, 42)]
[(54, 42)]
[(54, 44), (54, 43), (54, 42)]
[(55, 43), (55, 42)]
[(55, 42)]
[(54, 42)]
[(54, 42), (53, 42)]
[(54, 42), (53, 42), (52, 42)]
[(54, 42), (53, 42), (52, 42), (51, 42)]
[(54, 42), (53, 42), (52, 42), (51, 42), (50, 42)]
[(54, 42), (53, 42), (52, 42), (51, 42), (50, 42)]
[(54, 42), (53, 42), (52, 42), (51, 42)]
[(54, 42), (53, 42), (52, 42)]
[(54, 42), (53, 42)]
[(54, 42)]
[(54, 42)]
[(54, 42), (53, 42)]
[(54, 42), (53, 42), (52, 42)]
[(54, 42), (53, 42), (52, 42), (51, 42)]
[(54, 42), (53, 42), (52, 42), (51, 42), (50, 42)]
[(54, 42), (53, 42), (52, 42), (51, 42)]
[(54, 42), (53, 42), (52, 42)]
[(54, 42), (53, 42)]
[(54, 42)]
[(54, 42)]
[(54, 42), (53, 42)]
[(54, 42), (53, 42), (52, 42)]
[(54, 42), (53, 42), (52, 42), (51, 42)]
[(54, 42), (53, 42), (52, 42), (51, 42), (50, 42)]
[(54, 42), (53, 42), (52, 42), (51, 42), (50, 42)]
[(54, 42), (53, 42), (52, 42), (51, 42)]
[(54, 42), (53, 42), (52, 42)]
[(54, 42), (53, 42)]
[(54, 42)]
[(54, 42)]
[(54, 42), (53, 42)]
[(54, 42), (53, 42), (52, 42)]
[(54, 42), (53, 42), (52, 42), (51, 42)]
[(54, 42), (53, 42), (52, 42)]
[(54, 42), (53, 42)]
[(54, 42)]
[(54, 42), (53, 42)]
[(54, 42), (53, 42), (52, 42)]
[(54, 42), (53, 42), (52, 42), (51, 42)]
[(54, 42), (53, 42), (52, 42)]
[(54, 42), (53, 42)]
[(54, 42)]
Traceback (most recent call last):
  File "./main.py", line 108, in <module>
    player = wrapper(main)
  File "/Users/ghazette/.brew/Cellar/python/3.7.1/Frameworks/Python.framework/Versions/3.7/lib/python3.7/curses/__init__.py", line 94, in wrapper
    return func(stdscr, *args, **kwds)
  File "./main.py", line 101, in main
    key = win.getkey() # win.getch()
KeyboardInterrupt
